9784569784281
9784569684314
9784569784199
9784251038302
9784752006800
9784752006817
9784774322865
9784774323404
9784861012600
9784777106745
9784777106769
9784799316764
9784564018213
9784564018244
9784893096043
9784591127155
9784591140512
9784591126103
9784591127414
9784591143711
9784591141557
9784591127162
9784591127148
9784591136089
9784591142394
9784907542177
9784040673622
9784058113363
9784052038655
9784052038662
9784052041587
9784052034350
9784052034817
9784052035722
9784052039850
9784265054541
9784265054565
9784265054596
9784265054978
9784330443140
9784062830904
9784062830911
9784062830829
9784061332614
9784061957022
9784061957039
9784061957046
9784061325845
9784092131880
9784092538580
9784092538658
9784092538672
9784092538689
9784092538696
9784092538719
9784092538757
9784092591288
9784097265597
9784092131897
9784907613044
9784791619313
9784907150518
9784023308022
9784023308244
9784023309548
9784023309906
9784023313187
9784023313545
9784023314252
9784023304574
9784023313194
9784487808236
9784193640571
9784198607623
9784198607630
9784198614065
9784198618551
9784198627553
9784198603472
9784284203296
9784284203289
9784592761792
9784592761860
9784592761846
9784592761808
9784834081237
9784834017595
9784894237070
9784790250579
9784790232704
9784790232933
9784569689487
9784569784519
9784251038296
9784752005339
9784904188118
9784761267193
9784774321172
9784893252906
9784591103067
9784591109090
9784591111765
9784591139219
9784591141489
9784591111826
9784591141960
9784591129968
9784591142332
9784591143933
9784591143940
9784591143971
9784591099407
9784591131336
9784591039533
9784591127100
9784591098745
9784591105863
9784040664965
9784040664965
9784040666709
9784046314901
9784046314918
9784046311245
9784046311252
9784046311269
9784041023716
9784052036637
9784052032332
9784052032387
9784265067237
9784265067251
9784835618791
9784265069910
9784323033556
9784323033808
9784323072999
9784323007533
9784062167741
9784062167758
9784061324329
9784061324664
9784061487895
9784062852104
9784062852197
9784062852234
9784062852494
9784062853200
9784061325616
9784062850919
9784062852739
9784062853033
9784092306264
9784092306356
9784092306363
9784092306394
9784092306455
9784092307872
9784092961661
9784092961906
9784834020137
9784834005288
9784834000498
9784061287624
9784033453408
